costCenter_Code,CAPITAL EXPENDITURE,OTHER RECURRENT COSTS,PERSONNEL COST
0111,12183707410,14080850893,32181456421
0112,NA,NA,125000000000
0116,99869263767,56205513129,722383830531
0119,26515160239,44606255406,394445824752
0123,4768603233,4280491431,40451350166
0124,35347720159,26107363915,193350376878
0125,1572796040,2400394359,3945704382
0140,153071048,1984230795,1991196457
0145,NA,NA,4200000000
0147,123837786,472853041,680372491
0148,NA,NA,40000000000
0149,231824074,372635538,2390693169
0155,13309986864,11088223253,384744061706
0156,5919002554,266974562,12498163597
0157,21843469323,16248992916,98658765967
0158,228004538,232310234,504726915
0159,232351688,176088460,946530654
0160,580770515,211369318,577446842
0161,12594744974,12176822062,47420123169
0164,1562620395,799543448,2132223730
0215,79793992129,2285475290,56401075713
0220,352291562425,3063398998775,748602309977
0222,41399267522,2419828511,12856671048
0227,11620811106,1675869939,9746285812
0228,37553386402,3235911410,39524070176
0229,123069932571,817800000,11800312990
0230,53848466285,812200003,6110880529
0231,127668777103,1164377295,4661431109
0232,3337444887,1301138795,74658448262
0233,7416563177,1726419717,9180184893
0234,259201375039,15885462683,12097908909
0242,127609002,193981274,626449657
0246,123895011,344762287,1885481735
0250,170652203,181767615,150246136
0252,70264558776,837897096,6404296247
0318,NA,NA,110000000000
0326,3633265650,4422198872,23801537624
0341,363066404,1812886014,5343009127
0344,308459492,435616600,1877209134
0437,28422804431,NA,NA
0451,23890350399,877089123,82024656837
0513,2401887085,3298151177,3497255407
0514,2910300966,500000000,1030934792
0517,42806359821,30223512038,414919846578
0521,44090468244,5623136321,329555870963
0535,8825737464,1801900618,12818640784
0543,2032717266,615073952,5657561740
0544,53341723786,184402195385,204921058073
